-70.0000,-50.0000,86.0233
-66.5306,-50.0000,83.2245
-63.0612,-50.0000,80.4781
-59.5918,-50.0000,77.7894
-56.1224,-50.0000,75.1647
-52.6531,-50.0000,72.6109
-49.1837,-50.0000,70.1358
-45.7143,-50.0000,67.7480
-42.2449,-50.0000,65.4571
-38.7755,-50.0000,63.2735
-35.3061,-50.0000,61.2088
-31.8367,-50.0000,59.2754
-28.3673,-50.0000,57.4866
-24.8980,-50.0000,55.8561
-21.4286,-50.0000,54.3984
-17.9592,-50.0000,53.1275
-14.4898,-50.0000,52.0572
-11.0204,-50.0000,51.2001
-7.5510,-50.0000,50.5670
-4.0816,-50.0000,50.1663
-0.6122,-50.0000,50.0037
2.8571,-50.0000,50.0816
6.3265,-50.0000,50.3987
9.7959,-50.0000,50.9506
13.2653,-50.0000,51.7298
16.7347,-50.0000,52.7262
20.2041,-50.0000,53.9278
23.6735,-50.0000,55.3212
27.1429,-50.0000,56.8923
30.6122,-50.0000,58.6269
34.0816,-50.0000,60.5108
37.5510,-50.0000,62.5306
41.0204,-50.0000,64.6736
44.4898,-50.0000,66.9279
47.9592,-50.0000,69.2826
51.4286,-50.0000,71.7279
54.8980,-50.0000,74.2549
58.3673,-50.0000,76.8554
61.8367,-50.0000,79.5222
65.3061,-50.0000,82.2489
68.7755,-50.0000,85.0298
72.2449,-50.0000,87.8597
75.7143,-50.0000,90.7340
79.1837,-50.0000,93.6486
82.6531,-50.0000,96.5998
86.1224,-50.0000,99.5845
89.5918,-50.0000,102.5997
93.0612,-50.0000,105.6428
96.5306,-50.0000,108.7114
100.0000,-50.0000,111.8034
-70.0000,-46.9388,84.2808
-66.5306,-46.9388,81.4222
-63.0612,-46.9388,78.6128
-59.5918,-46.9388,75.8580
-56.1224,-46.9388,73.1640
-52.6531,-46.9388,70.5379
-49.1837,-46.9388,67.9874
-45.7143,-46.9388,65.5213
-42.2449,-46.9388,63.1497
-38.7755,-46.9388,60.8834
-35.3061,-46.9388,58.7348
-31.8367,-46.9388,56.7171
-28.3673,-46.9388,54.8448
-24.8980,-46.9388,53.1334
-21.4286,-46.9388,51.5988
-17.9592,-46.9388,50.2571
-14.4898,-46.9388,49.1244
-11.0204,-46.9388,48.2151
-7.5510,-46.9388,47.5423
-4.0816,-46.9388,47.1159
-0.6122,-46.9388,46.9428
2.8571,-46.9388,47.0257
6.3265,-46.9388,47.3632
9.7959,-46.9388,47.9501
13.2653,-46.9388,48.7772
16.7347,-46.9388,49.8327
20.2041,-46.9388,51.1024
23.6735,-46.9388,52.5707
27.1429,-46.9388,54.2216
30.6122,-46.9388,56.0389
34.0816,-46.9388,58.0070
37.5510,-46.9388,60.1110
41.0204,-46.9388,62.3372
44.4898,-46.9388,64.6730
47.9592,-46.9388,67.1069
51.4286,-46.9388,69.6286
54.8980,-46.9388,72.2290
58.3673,-46.9388,74.8999
61.8367,-46.9388,77.6340
65.3061,-46.9388,80.4247
68.7755,-46.9388,83.2666
72.2449,-46.9388,86.1544
75.7143,-46.9388,89.0837
79.1837,-46.9388,92.0505
82.6531,-46.9388,95.0514
86.1224,-46.9388,98.0833
89.5918,-46.9388,101.1432
93.0612,-46.9388,104.2288
96.5306,-46.9388,107.3378
100.0000,-46.9388,110.4683
-70.0000,-43.8776,82.6150
-66.5306,-43.8776,79.6967
-63.0612,-43.8776,76.8242
-59.5918,-43.8776,74.0029
-56.1224,-43.8776,71.2388
-52.6531,-43.8776,68.5389
-49.1837,-43.8776,65.9111
-45.7143,-43.8776,63.3643
-42.2449,-43.8776,60.9087
-38.7755,-43.8776,58.5558
-35.3061,-43.8776,56.3184
-31.8367,-43.8776,54.2109
-28.3673,-43.8776,52.2489
-24.8980,-43.8776,50.4495
-21.4286,-43.8776,48.8306
-17.9592,-43.8776,47.4107
-14.4898,-43.8776,46.2082
-11.0204,-43.8776,45.2403
-7.5510,-43.8776,44.5225
-4.0816,-43.8776,44.0670
-0.6122,-43.8776,43.8818
2.8571,-43.8776,43.9705
6.3265,-43.8776,44.3313
9.7959,-43.8776,44.9578
13.2653,-43.8776,45.8389
16.7347,-43.8776,46.9605
20.2041,-43.8776,48.3057
23.6735,-43.8776,49.8565
27.1429,-43.8776,51.5943
30.6122,-43.8776,53.5009
34.0816,-43.8776,55.5590
37.5510,-43.8776,57.7522
41.0204,-43.8776,60.0659
44.4898,-43.8776,62.4866
47.9592,-43.8776,65.0025
51.4286,-43.8776,67.6028
54.8980,-43.8776,70.2782
58.3673,-43.8776,73.0205
61.8367,-43.8776,75.8223
65.3061,-43.8776,78.6774
68.7755,-43.8776,81.5801
72.2449,-43.8776,84.5255
75.7143,-43.8776,87.5094
79.1837,-43.8776,90.5279
82.6531,-43.8776,93.5776
86.1224,-43.8776,96.6557
89.5918,-43.8776,99.7594
93.0612,-43.8776,102.8865
96.5306,-43.8776,106.0349
100.0000,-43.8776,109.2027
-70.0000,-40.8163,81.0307
-66.5306,-40.8163,78.0532
-63.0612,-40.8163,75.1178
-59.5918,-40.8163,72.2299
-56.1224,-40.8163,69.3953
-52.6531,-40.8163,66.6207
-49.1837,-40.8163,63.9141
-45.7143,-40.8163,61.2843
-42.2449,-40.8163,58.7418
-38.7755,-40.8163,56.2984
-35.3061,-40.8163,53.9675
-31.8367,-40.8163,51.7644
-28.3673,-40.8163,49.7059
-24.8980,-40.8163,47.8109
-21.4286,-40.8163,46.0994
-17.9592,-40.8163,44.5927
-14.4898,-40.8163,43.3120
-11.0204,-40.8163,42.2779
-7.5510,-40.8163,41.5089
-4.0816,-40.8163,41.0199
-0.6122,-40.8163,40.8209
2.8571,-40.8163,40.9162
6.3265,-40.8163,41.3037
9.7959,-40.8163,41.9754
13.2653,-40.8163,42.9178
16.7347,-40.8163,44.1137
20.2041,-40.8163,45.5431
23.6735,-40.8163,47.1848
27.1429,-40.8163,49.0174
30.6122,-40.8163,51.0204
34.0816,-40.8163,53.1745
37.5510,-40.8163,55.4622
41.0204,-40.8163,57.8675
44.4898,-40.8163,60.3764
47.9592,-40.8163,62.9766
51.4286,-40.8163,65.6572
54.8980,-40.8163,68.4088
58.3673,-40.8163,71.2230
61.8367,-40.8163,74.0929
65.3061,-40.8163,77.0121
68.7755,-40.8163,79.9753
72.2449,-40.8163,82.9777
75.7143,-40.8163,86.0153
79.1837,-40.8163,89.0844
82.6531,-40.8163,92.1819
86.1224,-40.8163,95.3050
89.5918,-40.8163,98.4514
93.0612,-40.8163,101.6187
96.5306,-40.8163,104.8052
100.0000,-40.8163,108.0091
-70.0000,-37.7551,79.5327
-66.5306,-37.7551,76.4969
-63.0612,-37.7551,73.4994
-59.5918,-37.7551,70.5453
-56.1224,-37.7551,67.6401
-52.6531,-37.7551,64.7904
-49.1837,-37.7551,62.0039
-45.7143,-37.7551,59.2895
-42.2449,-37.7551,56.6576
-38.7755,-37.7551,54.1201
-35.3061,-37.7551,51.6911
-31.8367,-37.7551,49.3865
-28.3673,-37.7551,47.2245
-24.8980,-37.7551,45.2256
-21.4286,-37.7551,43.4123
-17.9592,-37.7551,41.8089
-14.4898,-37.7551,40.4401
-11.0204,-37.7551,39.3306
-7.5510,-37.7551,38.5028
-4.0816,-37.7551,37.9751
-0.6122,-37.7551,37.7601
2.8571,-37.7551,37.8631
6.3265,-37.7551,38.2815
9.7959,-37.7551,39.0052
13.2653,-37.7551,40.0177
16.7347,-37.7551,41.2977
20.2041,-37.7551,42.8212
23.6735,-37.7551,44.5632
27.1429,-37.7551,46.4993
30.6122,-37.7551,48.6061
34.0816,-37.7551,50.8626
37.5510,-37.7551,53.2497
41.0204,-37.7551,55.7505
44.4898,-37.7551,58.3506
47.9592,-37.7551,61.0371
51.4286,-37.7551,63.7993
54.8980,-37.7551,66.6276
58.3673,-37.7551,69.5140
61.8367,-37.7551,72.4516
65.3061,-37.7551,75.4343
68.7755,-37.7551,78.4571
72.2449,-37.7551,81.5155
75.7143,-37.7551,84.6056
79.1837,-37.7551,87.7240
82.6531,-37.7551,90.8679
86.1224,-37.7551,94.0347
89.5918,-37.7551,97.2221
93.0612,-37.7551,100.4283
96.5306,-37.7551,103.6514
100.0000,-37.7551,106.8899
-70.0000,-34.6939,78.1260
-66.5306,-34.6939,75.0332
-63.0612,-34.6939,71.9749
-59.5918,-34.6939,68.9554
-56.1224,-34.6939,65.9803
-52.6531,-34.6939,63.0556
-49.1837,-34.6939,60.1889
-45.7143,-34.6939,57.3887
-42.2449,-34.6939,54.6653
-38.7755,-34.6939,52.0308
-35.3061,-34.6939,49.4994
-31.8367,-34.6939,47.0876
-28.3673,-34.6939,44.8149
-24.8980,-34.6939,42.7033
-21.4286,-34.6939,40.7780
-17.9592,-34.6939,39.0666
-14.4898,-34.6939,37.5981
-11.0204,-34.6939,36.4021
-7.5510,-34.6939,35.5061
-4.0816,-34.6939,34.9331
-0.6122,-34.6939,34.6993
2.8571,-34.6939,34.8113
6.3265,-34.6939,35.2660
9.7959,-34.6939,36.0503
13.2653,-34.6939,37.1434
16.7347,-34.6939,38.5190
20.2041,-34.6939,40.1481
23.6735,-34.6939,42.0012
27.1429,-34.6939,44.0500
30.6122,-34.6939,46.2685
34.0816,-34.6939,48.6336
37.5510,-34.6939,51.1248
41.0204,-34.6939,53.7247
44.4898,-34.6939,56.4181
47.9592,-34.6939,59.1925
51.4286,-34.6939,62.0368
54.8980,-34.6939,64.9419
58.3673,-34.6939,67.9000
61.8367,-34.6939,70.9045
65.3061,-34.6939,73.9497
68.7755,-34.6939,77.0307
72.2449,-34.6939,80.1436
75.7143,-34.6939,83.2846
79.1837,-34.6939,86.4507
82.6531,-34.6939,89.6392
86.1224,-34.6939,92.8479
89.5918,-34.6939,96.0748
93.0612,-34.6939,99.3180
96.5306,-34.6939,102.5759
100.0000,-34.6939,105.8474
-70.0000,-31.6327,76.8155
-66.5306,-31.6327,73.6678
-63.0612,-31.6327,70.5503
-59.5918,-31.6327,67.4671
-56.1224,-31.6327,64.4232
-52.6531,-31.6327,61.4245
-49.1837,-31.6327,58.4778
-45.7143,-31.6327,55.5916
-42.2449,-31.6327,52.7755
-38.7755,-31.6327,50.0416
-35.3061,-31.6327,47.4041
-31.8367,-31.6327,44.8799
-28.3673,-31.6327,42.4892
-24.8980,-31.6327,40.2558
-21.4286,-31.6327,38.2074
-17.9592,-31.6327,36.3752
-14.4898,-31.6327,34.7934
-11.0204,-31.6327,33.4974
-7.5510,-31.6327,32.5214
-4.0816,-31.6327,31.8949
-0.6122,-31.6327,31.6386
2.8571,-31.6327,31.7614
6.3265,-31.6327,32.2591
9.7959,-31.6327,33.1147
13.2653,-31.6327,34.3015
16.7347,-31.6327,35.7865
20.2041,-31.6327,37.5344
23.6735,-31.6327,39.5102
27.1429,-31.6327,41.6816
30.6122,-31.6327,44.0197
34.0816,-31.6327,46.4993
37.5510,-31.6327,49.0989
41.0204,-31.6327,51.8006
44.4898,-31.6327,54.5891
47.9592,-31.6327,57.4518
51.4286,-31.6327,60.3782
54.8980,-31.6327,63.3594
58.3673,-31.6327,66.3880
61.8367,-31.6327,69.4579
65.3061,-31.6327,72.5639
68.7755,-31.6327,75.7014
72.2449,-31.6327,78.8667
75.7143,-31.6327,82.0566
79.1837,-31.6327,85.2683
82.6531,-31.6327,88.4995
86.1224,-31.6327,91.7480
89.5918,-31.6327,95.0122
93.0612,-31.6327,98.2905
96.5306,-31.6327,101.5814
100.0000,-31.6327,104.8839
-70.0000,-28.5714,75.6064
-66.5306,-28.5714,72.4061
-63.0612,-28.5714,69.2318
-59.5918,-28.5714,66.0872
-56.1224,-28.5714,62.9766
-52.6531,-28.5714,59.9055
-49.1837,-28.5714,56.8802
-45.7143,-28.5714,53.9085
-42.2449,-28.5714,50.9996
-38.7755,-28.5714,48.1650
-35.3061,-28.5714,45.4186
-31.8367,-28.5714,42.7774
-28.3673,-28.5714,40.2621
-24.8980,-28.5714,37.8977
-21.4286,-28.5714,35.7143
-17.9592,-28.5714,33.7470
-14.4898,-28.5714,32.0356
-11.0204,-28.5714,30.6231
-7.5510,-28.5714,29.5524
-4.0816,-28.5714,28.8615
-0.6122,-28.5714,28.5780
2.8571,-28.5714,28.7139
6.3265,-28.5714,29.2635
9.7959,-28.5714,30.2041
13.2653,-28.5714,31.5007
16.7347,-28.5714,33.1116
20.2041,-28.5714,34.9933
23.6735,-28.5714,37.1047
27.1429,-28.5714,39.4089
30.6122,-28.5714,41.8741
34.0816,-28.5714,44.4734
37.5510,-28.5714,47.1848
41.0204,-28.5714,49.9900
44.4898,-28.5714,52.8741
47.9592,-28.5714,55.8248
51.4286,-28.5714,58.8322
54.8980,-28.5714,61.8879
58.3673,-28.5714,64.9852
61.8367,-28.5714,68.1183
65.3061,-28.5714,71.2826
68.7755,-28.5714,74.4741
72.2449,-28.5714,77.6895
75.7143,-28.5714,80.9258
79.1837,-28.5714,84.1806
82.6531,-28.5714,87.4520
86.1224,-28.5714,90.7381
89.5918,-28.5714,94.0374
93.0612,-28.5714,97.3484
96.5306,-28.5714,100.6702
100.0000,-28.5714,104.0016
-70.0000,-25.5102,74.5035
-66.5306,-25.5102,71.2537
-63.0612,-25.5102,68.0256
-59.5918,-25.5102,64.8225
-56.1224,-25.5102,61.6482
-52.6531,-25.5102,58.5074
-49.1837,-25.5102,55.4058
-45.7143,-25.5102,52.3504
-42.2449,-25.5102,49.3498
-38.7755,-25.5102,46.4146
-35.3061,-25.5102,43.5579
-31.8367,-25.5102,40.7964
-28.3673,-25.5102,38.1507
-24.8980,-25.5102,35.6466
-21.4286,-25.5102,33.3160
-17.9592,-25.5102,31.1978
-14.4898,-25.5102,29.3381
-11.0204,-25.5102,27.7888
-7.5510,-25.5102,26.6043
-4.0816,-25.5102,25.8347
-0.6122,-25.5102,25.5175
2.8571,-25.5102,25.6697
6.3265,-25.5102,26.2830
9.7959,-25.5102,27.3264
13.2653,-25.5102,28.7531
16.7347,-25.5102,30.5094
20.2041,-25.5102,32.5419
23.6735,-25.5102,34.8024
27.1429,-25.5102,37.2492
30.6122,-25.5102,39.8482
34.0816,-25.5102,42.5714
37.5510,-25.5102,45.3966
41.0204,-25.5102,48.3057
44.4898,-25.5102,51.2846
47.9592,-25.5102,54.3218
51.4286,-25.5102,57.4079
54.8980,-25.5102,60.5356
58.3673,-25.5102,63.6986
61.8367,-25.5102,66.8921
65.3061,-25.5102,70.1118
68.7755,-25.5102,73.3542
72.2449,-25.5102,76.6166
75.7143,-25.5102,79.8963
79.1837,-25.5102,83.1915
82.6531,-25.5102,86.5003
86.1224,-25.5102,89.8212
89.5918,-25.5102,93.1529
93.0612,-25.5102,96.4944
96.5306,-25.5102,99.8445
100.0000,-25.5102,103.2026
-70.0000,-22.4490,73.5116
-66.5306,-22.4490,70.2159
-63.0612,-22.4490,66.9378
-59.5918,-22.4490,63.6800
-56.1224,-22.4490,60.4457
-52.6531,-22.4490,57.2390
-49.1837,-22.4490,54.0647
-45.7143,-22.4490,50.9289
-42.2449,-22.4490,47.8392
-38.7755,-22.4490,44.8051
-35.3061,-22.4490,41.8387
-31.8367,-22.4490,38.9555
-28.3673,-22.4490,36.1754
-24.8980,-22.4490,33.5241
-21.4286,-22.4490,31.0345
-17.9592,-22.4490,28.7487
-14.4898,-22.4490,26.7191
-11.0204,-22.4490,25.0081
-7.5510,-22.4490,23.6849
-4.0816,-22.4490,22.8170
-0.6122,-22.4490,22.4573
2.8571,-22.4490,22.6301
6.3265,-22.4490,23.3234
9.7959,-22.4490,24.4932
13.2653,-22.4490,26.0754
16.7347,-22.4490,28.0001
20.2041,-22.4490,30.2020
23.6735,-22.4490,32.6250
27.1429,-22.4490,35.2234
30.6122,-22.4490,37.9614
34.0816,-22.4490,40.8107
37.5510,-22.4490,43.7497
41.0204,-22.4490,46.7614
44.4898,-22.4490,49.8327
47.9592,-22.4490,52.9532
51.4286,-22.4490,56.1147
54.8980,-22.4490,59.3106
58.3673,-22.4490,62.5356
61.8367,-22.4490,65.7855
65.3061,-22.4490,69.0568
68.7755,-22.4490,72.3466
72.2449,-22.4490,75.6524
75.7143,-22.4490,78.9722
79.1837,-22.4490,82.3044
82.6531,-22.4490,85.6474
86.1224,-22.4490,89.0002
89.5918,-22.4490,92.3615
93.0612,-22.4490,95.7306
96.5306,-22.4490,99.1066
100.0000,-22.4490,102.4888
-70.0000,-19.3878,72.6353
-66.5306,-19.3878,69.2980
-63.0612,-19.3878,65.9743
-59.5918,-19.3878,62.6664
-56.1224,-19.3878,59.3769
-52.6531,-19.3878,56.1091
-49.1837,-19.3878,52.8670
-45.7143,-19.3878,49.6556
-42.2449,-19.3878,46.4814
-38.7755,-19.3878,43.3523
-35.3061,-19.3878,40.2791
-31.8367,-19.3878,37.2755
-28.3673,-19.3878,34.3597
-24.8980,-19.3878,31.5562
-21.4286,-19.3878,28.8976
-17.9592,-19.3878,26.4276
-14.4898,-19.3878,24.2041
-11.0204,-19.3878,22.3010
-7.5510,-19.3878,20.8063
-4.0816,-19.3878,19.8127
-0.6122,-19.3878,19.3974
2.8571,-19.3878,19.5972
6.3265,-19.3878,20.3939
9.7959,-19.3878,21.7220
13.2653,-19.3878,23.4916
16.7347,-19.3878,25.6112
20.2041,-19.3878,28.0016
23.6735,-19.3878,30.5993
27.1429,-19.3878,33.3560
30.6122,-19.3878,36.2353
34.0816,-19.3878,39.2102
37.5510,-19.3878,42.2607
41.0204,-19.3878,45.3713
44.4898,-19.3878,48.5307
47.9592,-19.3878,51.7298
51.4286,-19.3878,54.9617
54.8980,-19.3878,58.2209
58.3673,-19.3878,61.5031
61.8367,-19.3878,64.8048
65.3061,-19.3878,68.1232
68.7755,-19.3878,71.4560
72.2449,-19.3878,74.8011
75.7143,-19.3878,78.1571
79.1837,-19.3878,81.5226
82.6531,-19.3878,84.8965
86.1224,-19.3878,88.2778
89.5918,-19.3878,91.6656
93.0612,-19.3878,95.0593
96.5306,-19.3878,98.4583
100.0000,-19.3878,101.8621
-70.0000,-16.3265,71.8788
-66.5306,-16.3265,68.5046
-63.0612,-16.3265,65.1404
-59.5918,-16.3265,61.7879
-56.1224,-16.3265,58.4490
-52.6531,-16.3265,55.1262
-49.1837,-16.3265,51.8227
-45.7143,-16.3265,48.5423
-42.2449,-16.3265,45.2900
-38.7755,-16.3265,42.0725
-35.3061,-16.3265,38.8983
-31.8367,-16.3265,35.7790
-28.3673,-16.3265,32.7301
-24.8980,-16.3265,29.7735
-21.4286,-16.3265,26.9395
-17.9592,-16.3265,24.2711
-14.4898,-16.3265,21.8291
-11.0204,-16.3265,19.6978
-7.5510,-16.3265,17.9881
-4.0816,-16.3265,16.8290
-0.6122,-16.3265,16.3380
2.8571,-16.3265,16.5746
6.3265,-16.3265,17.5094
9.7959,-16.3265,19.0398
13.2653,-16.3265,21.0363
16.7347,-16.3265,23.3796
20.2041,-16.3265,25.9762
23.6735,-16.3265,28.7574
27.1429,-16.3265,31.6748
30.6122,-16.3265,34.6939
34.0816,-16.3265,37.7904
37.5510,-16.3265,40.9467
41.0204,-16.3265,44.1501
44.4898,-16.3265,47.3909
47.9592,-16.3265,50.6620
51.4286,-16.3265,53.9579
54.8980,-16.3265,57.2743
58.3673,-16.3265,60.6078
61.8367,-16.3265,63.9557
65.3061,-16.3265,67.3160
68.7755,-16.3265,70.6868
72.2449,-16.3265,74.0667
75.7143,-16.3265,77.4546
79.1837,-16.3265,80.8493
82.6531,-16.3265,84.2501
86.1224,-16.3265,87.6563
89.5918,-16.3265,91.0673
93.0612,-16.3265,94.4825
96.5306,-16.3265,97.9016
100.0000,-16.3265,101.3240
-70.0000,-13.2653,71.2458
-66.5306,-13.2653,67.8402
-63.0612,-13.2653,64.4413
-59.5918,-13.2653,61.0504
-56.1224,-13.2653,57.6689
-52.6531,-13.2653,54.2984
-49.1837,-13.2653,50.9412
-45.7143,-13.2653,47.6000
-42.2449,-13.2653,44.2787
-38.7755,-13.2653,40.9818
-35.3061,-13.2653,37.7159
-31.8367,-13.2653,34.4898
-28.3673,-13.2653,31.3157
-24.8980,-13.2653,28.2113
-21.4286,-13.2653,25.2022
-17.9592,-13.2653,22.3271
-14.4898,-13.2653,19.6449
-11.0204,-13.2653,17.2458
-7.5510,-13.2653,15.2639
-4.0816,-13.2653,13.8791
-0.6122,-13.2653,13.2794
2.8571,-13.2653,13.5695
6.3265,-13.2653,14.6967
9.7959,-13.2653,16.4903
13.2653,-13.2653,18.7600
16.7347,-13.2653,21.3546
20.2041,-13.2653,24.1697
23.6735,-13.2653,27.1367
27.1429,-13.2653,30.2110
30.6122,-13.2653,33.3628
34.0816,-13.2653,36.5722
37.5510,-13.2653,39.8252
41.0204,-13.2653,43.1120
44.4898,-13.2653,46.4253
47.9592,-13.2653,49.7599
51.4286,-13.2653,53.1118
54.8980,-13.2653,56.4779
58.3673,-13.2653,59.8558
61.8367,-13.2653,63.2436
65.3061,-13.2653,66.6398
68.7755,-13.2653,70.0431
72.2449,-13.2653,73.4527
75.7143,-13.2653,76.8676
79.1837,-13.2653,80.2871
82.6531,-13.2653,83.7108
86.1224,-13.2653,87.1381
89.5918,-13.2653,90.5686
93.0612,-13.2653,94.0019
96.5306,-13.2653,97.4378
100.0000,-13.2653,100.8760
-70.0000,-10.2041,70.7398
-66.5306,-10.2041,67.3086
-63.0612,-10.2041,63.8815
-59.5918,-10.2041,60.4592
-56.1224,-10.2041,57.0426
-52.6531,-10.2041,53.6327
-49.1837,-10.2041,50.2310
-45.7143,-10.2041,46.8393
-42.2449,-10.2041,43.4598
-38.7755,-10.2041,40.0957
-35.3061,-10.2041,36.7511
-31.8367,-10.2041,33.4320
-28.3673,-10.2041,30.1468
-24.8980,-10.2041,26.9078
-21.4286,-10.2041,23.7341
-17.9592,-10.2041,20.6556
-14.4898,-10.2041,17.7222
-11.0204,-10.2041,15.0191
-7.5510,-10.2041,12.6941
-4.0816,-10.2041,10.9901
-0.6122,-10.2041,10.2224
2.8571,-10.2041,10.5965
6.3265,-10.2041,12.0062
9.7959,-10.2041,14.1451
13.2653,-10.2041,16.7359
16.7347,-10.2041,19.6003
20.2041,-10.2041,22.6347
23.6735,-10.2041,25.7790
27.1429,-10.2041,28.9976
30.6122,-10.2041,32.2681
34.0816,-10.2041,35.5764
37.5510,-10.2041,38.9128
41.0204,-10.2041,42.2705
44.4898,-10.2041,45.6450
47.9592,-10.2041,49.0327
51.4286,-10.2041,52.4311
54.8980,-10.2041,55.8382
58.3673,-10.2041,59.2526
61.8367,-10.2041,62.6730
65.3061,-10.2041,66.0985
68.7755,-10.2041,69.5284
72.2449,-10.2041,72.9620
75.7143,-10.2041,76.3988
79.1837,-10.2041,79.8384
82.6531,-10.2041,83.2806
86.1224,-10.2041,86.7248
89.5918,-10.2041,90.1711
93.0612,-10.2041,93.6190
96.5306,-10.2041,97.0684
100.0000,-10.2041,100.5193
-70.0000,-7.1429,70.3635
-66.5306,-7.1429,66.9129
-63.0612,-7.1429,63.4645
-59.5918,-7.1429,60.0184
-56.1224,-7.1429,56.5752
-52.6531,-7.1429,53.1353
-49.1837,-7.1429,49.6996
-45.7143,-7.1429,46.2690
-42.2449,-7.1429,42.8445
-38.7755,-7.1429,39.4279
-35.3061,-7.1429,36.0214
-31.8367,-7.1429,32.6282
-28.3673,-7.1429,29.2528
-24.8980,-7.1429,25.9023
-21.4286,-7.1429,22.5877
-17.9592,-7.1429,19.3275
-14.4898,-7.1429,16.1547
-11.0204,-7.1429,13.1328
-7.5510,-7.1429,10.3941
-4.0816,-7.1429,8.2268
-0.6122,-7.1429,7.1690
2.8571,-7.1429,7.6931
6.3265,-7.1429,9.5418
9.7959,-7.1429,12.1235
13.2653,-7.1429,15.0661
16.7347,-7.1429,18.1953
20.2041,-7.1429,21.4295
23.6735,-7.1429,24.7276
27.1429,-7.1429,28.0670
30.6122,-7.1429,31.4345
34.0816,-7.1429,34.8221
37.5510,-7.1429,38.2243
41.0204,-7.1429,41.6377
44.4898,-7.1429,45.0595
47.9592,-7.1429,48.4882
51.4286,-7.1429,51.9222
54.8980,-7.1429,55.3607
58.3673,-7.1429,58.8028
61.8367,-7.1429,62.2479
65.3061,-7.1429,65.6956
68.7755,-7.1429,69.1454
72.2449,-7.1429,72.5971
75.7143,-7.1429,76.0505
79.1837,-7.1429,79.5052
82.6531,-7.1429,82.9611
86.1224,-7.1429,86.4181
89.5918,-7.1429,89.8761
93.0612,-7.1429,93.3349
96.5306,-7.1429,96.7945
100.0000,-7.1429,100.2548
-70.0000,-4.0816,70.1189
-66.5306,-4.0816,66.6557
-63.0612,-4.0816,63.1932
-59.5918,-4.0816,59.7315
-56.1224,-4.0816,56.2707
-52.6531,-4.0816,52.8110
-49.1837,-4.0816,49.3527
-45.7143,-4.0816,45.8961
-42.2449,-4.0816,42.4416
-38.7755,-4.0816,38.9897
-35.3061,-4.0816,35.5413
-31.8367,-4.0816,32.0973
-28.3673,-4.0816,28.6595
-24.8980,-4.0816,25.2303
-21.4286,-4.0816,21.8138
-17.9592,-4.0816,18.4172
-14.4898,-4.0816,15.0537
-11.0204,-4.0816,11.7520
-7.5510,-4.0816,8.5836
-4.0816,-4.0816,5.7723
-0.6122,-4.0816,4.1273
2.8571,-4.0816,4.9823
6.3265,-4.0816,7.5289
9.7959,-4.0816,10.6122
13.2653,-4.0816,13.8791
16.7347,-4.0816,17.2253
20.2041,-4.0816,20.6122
23.6735,-4.0816,24.0228
27.1429,-4.0816,27.4480
30.6122,-4.0816,30.8832
34.0816,-4.0816,34.3252
37.5510,-4.0816,37.7722
41.0204,-4.0816,41.2230
44.4898,-4.0816,44.6766
47.9592,-4.0816,48.1326
51.4286,-4.0816,51.5903
54.8980,-4.0816,55.0495
58.3673,-4.0816,58.5099
61.8367,-4.0816,61.9713
65.3061,-4.0816,65.4335
68.7755,-4.0816,68.8965
72.2449,-4.0816,72.3601
75.7143,-4.0816,75.8242
79.1837,-4.0816,79.2888
82.6531,-4.0816,82.7538
86.1224,-4.0816,86.2191
89.5918,-4.0816,89.6848
93.0612,-4.0816,93.1507
96.5306,-4.0816,96.6169
100.0000,-4.0816,100.0833
-70.0000,-1.0204,70.0074
-66.5306,-1.0204,66.5384
-63.0612,-1.0204,63.0695
-59.5918,-1.0204,59.6006
-56.1224,-1.0204,56.1317
-52.6531,-1.0204,52.6629
-49.1837,-1.0204,49.1943
-45.7143,-1.0204,45.7257
-42.2449,-1.0204,42.2572
-38.7755,-1.0204,38.7889
-35.3061,-1.0204,35.3209
-31.8367,-1.0204,31.8531
-28.3673,-1.0204,28.3857
-24.8980,-1.0204,24.9189
-21.4286,-1.0204,21.4529
-17.9592,-1.0204,17.9881
-14.4898,-1.0204,14.5257
-11.0204,-1.0204,11.0675
-7.5510,-1.0204,7.6197
-4.0816,-1.0204,4.2073
-0.6122,-1.0204,1.1900
2.8571,-1.0204,3.0339
6.3265,-1.0204,6.4083
9.7959,-1.0204,9.8489
13.2653,-1.0204,13.3045
16.7347,-1.0204,16.7658
20.2041,-1.0204,20.2298
23.6735,-1.0204,23.6955
27.1429,-1.0204,27.1620
30.6122,-1.0204,30.6292
34.0816,-1.0204,34.0969
37.5510,-1.0204,37.5649
41.0204,-1.0204,41.0331
44.4898,-1.0204,44.5015
47.9592,-1.0204,47.9700
51.4286,-1.0204,51.4387
54.8980,-1.0204,54.9074
58.3673,-1.0204,58.3763
61.8367,-1.0204,61.8452
65.3061,-1.0204,65.3141
68.7755,-1.0204,68.7831
72.2449,-1.0204,72.2521
75.7143,-1.0204,75.7212
79.1837,-1.0204,79.1902
82.6531,-1.0204,82.6594
86.1224,-1.0204,86.1285
89.5918,-1.0204,89.5976
93.0612,-1.0204,93.0668
96.5306,-1.0204,96.5360
100.0000,-1.0204,100.0052
-70.0000,2.0408,70.0297
-66.5306,2.0408,66.5619
-63.0612,2.0408,63.0942
-59.5918,2.0408,59.6268
-56.1224,2.0408,56.1595
-52.6531,2.0408,52.6926
-49.1837,2.0408,49.2260
-45.7143,2.0408,45.7598
-42.2449,2.0408,42.2942
-38.7755,2.0408,38.8292
-35.3061,2.0408,35.3651
-31.8367,2.0408,31.9021
-28.3673,2.0408,28.4407
-24.8980,2.0408,24.9815
-21.4286,2.0408,21.5255
-17.9592,2.0408,18.0748
-14.4898,2.0408,14.6328
-11.0204,2.0408,11.2078
-7.5510,2.0408,7.8219
-4.0816,2.0408,4.5634
-0.6122,2.0408,2.1307
2.8571,2.0408,3.5112
6.3265,2.0408,6.6475
9.7959,2.0408,10.0062
13.2653,2.0408,13.4214
16.7347,2.0408,16.8587
20.2041,2.0408,20.3069
23.6735,2.0408,23.7613
27.1429,2.0408,27.2195
30.6122,2.0408,30.6802
34.0816,2.0408,34.1427
37.5510,2.0408,37.6064
41.0204,2.0408,41.0711
44.4898,2.0408,44.5366
47.9592,2.0408,48.0026
51.4286,2.0408,51.4690
54.8980,2.0408,54.9359
58.3673,2.0408,58.4030
61.8367,2.0408,61.8704
65.3061,2.0408,65.3380
68.7755,2.0408,68.8058
72.2449,2.0408,72.2737
75.7143,2.0408,75.7418
79.1837,2.0408,79.2100
82.6531,2.0408,82.6783
86.1224,2.0408,86.1466
89.5918,2.0408,89.6151
93.0612,2.0408,93.0836
96.5306,2.0408,96.5522
100.0000,2.0408,100.0208
-70.0000,5.1020,70.1857
-66.5306,5.1020,66.7260
-63.0612,5.1020,63.2673
-59.5918,5.1020,59.8098
-56.1224,5.1020,56.3539
-52.6531,5.1020,52.8997
-49.1837,5.1020,49.4476
-45.7143,5.1020,45.9981
-42.2449,5.1020,42.5519
-38.7755,5.1020,39.1097
-35.3061,5.1020,35.6729
-31.8367,5.1020,32.2430
-28.3673,5.1020,28.8225
-24.8980,5.1020,25.4153
-21.4286,5.1020,22.0276
-17.9592,5.1020,18.6698
-14.4898,5.1020,15.3618
-11.0204,5.1020,12.1441
-7.5510,5.1020,9.1131
-4.0816,5.1020,6.5338
-0.6122,5.1020,5.1386
2.8571,5.1020,5.8476
6.3265,5.1020,8.1275
9.7959,5.1020,11.0449
13.2653,5.1020,14.2126
16.7347,5.1020,17.4952
20.2041,5.1020,20.8383
23.6735,5.1020,24.2170
27.1429,5.1020,27.6182
30.6122,5.1020,31.0345
34.0816,5.1020,34.4614
37.5510,5.1020,37.8960
41.0204,5.1020,41.3365
44.4898,5.1020,44.7814
47.9592,5.1020,48.2298
51.4286,5.1020,51.6810
54.8980,5.1020,55.1345
58.3673,5.1020,58.5899
61.8367,5.1020,62.0469
65.3061,5.1020,65.5051
68.7755,5.1020,68.9645
72.2449,5.1020,72.4248
75.7143,5.1020,75.8860
79.1837,5.1020,79.3479
82.6531,5.1020,82.8104
86.1224,5.1020,86.2734
89.5918,5.1020,89.7370
93.0612,5.1020,93.2010
96.5306,5.1020,96.6654
100.0000,5.1020,100.1301
-70.0000,8.1633,70.4744
-66.5306,8.1633,67.0296
-63.0612,8.1633,63.5874
-59.5918,8.1633,60.1484
-56.1224,8.1633,56.7130
-52.6531,8.1633,53.2821
-49.1837,8.1633,49.8565
-45.7143,8.1633,46.4374
-42.2449,8.1633,43.0264
-38.7755,8.1633,39.6255
-35.3061,8.1633,36.2376
-31.8367,8.1633,32.8666
-28.3673,8.1633,29.5186
-24.8980,8.1633,26.2020
-21.4286,8.1633,22.9308
-17.9592,8.1633,19.7274
-14.4898,8.1633,16.6311
-11.0204,8.1633,13.7145
-7.5510,8.1633,11.1201
-4.0816,8.1633,9.1268
-0.6122,8.1633,8.1862
2.8571,8.1633,8.6488
6.3265,8.1633,10.3278
9.7959,8.1633,12.7514
13.2653,8.1633,15.5759
16.7347,8.1633,18.6196
20.2041,8.1633,21.7909
23.6735,8.1633,25.0414
27.1429,8.1633,28.3438
30.6122,8.1633,31.6820
34.0816,8.1633,35.0456
37.5510,8.1633,38.4281
41.0204,8.1633,41.8248
44.4898,8.1633,45.2325
47.9592,8.1633,48.6490
51.4286,8.1633,52.0724
54.8980,8.1633,55.5016
58.3673,8.1633,58.9354
61.8367,8.1633,62.3732
65.3061,8.1633,65.8143
68.7755,8.1633,69.2583
72.2449,8.1633,72.7046
75.7143,8.1633,76.1531
79.1837,8.1633,79.6033
82.6531,8.1633,83.0552
86.1224,8.1633,86.5085
89.5918,8.1633,89.9630
93.0612,8.1633,93.4186
96.5306,8.1633,96.8752
100.0000,8.1633,100.3326
-70.0000,11.2245,70.8942
-66.5306,11.2245,67.4708
-63.0612,11.2245,64.0524
-59.5918,11.2245,60.6397
-56.1224,11.2245,57.2339
-52.6531,11.2245,53.8362
-49.1837,11.2245,50.4482
-45.7143,11.2245,47.0721
-42.2449,11.2245,43.7106
-38.7755,11.2245,40.3674
-35.3061,11.2245,37.0474
-31.8367,11.2245,33.7575
-28.3673,11.2245,30.5073
-24.8980,11.2245,27.3111
-21.4286,11.2245,24.1903
-17.9592,11.2245,21.1783
-14.4898,11.2245,18.3288
-11.0204,11.2245,15.7302
-7.5510,11.2245,13.5280
-4.0816,11.2245,11.9436
-0.6122,11.2245,11.2412
2.8571,11.2245,11.5824
6.3265,11.2245,12.8846
9.7959,11.2245,14.8980
13.2653,11.2245,17.3769
16.7347,11.2245,20.1504
20.2041,11.2245,23.1126
23.6735,11.2245,26.1997
27.1429,11.2245,29.3722
30.6122,11.2245,32.6052
34.0816,11.2245,35.8824
37.5510,11.2245,39.1927
41.0204,11.2245,42.5284
44.4898,11.2245,45.8839
47.9592,11.2245,49.2552
51.4286,11.2245,52.6392
54.8980,11.2245,56.0337
58.3673,11.2245,59.4368
61.8367,11.2245,62.8472
65.3061,11.2245,66.2637
68.7755,11.2245,69.6854
72.2449,11.2245,73.1117
75.7143,11.2245,76.5418
79.1837,11.2245,79.9753
82.6531,11.2245,83.4117
86.1224,11.2245,86.8508
89.5918,11.2245,90.2922
93.0612,11.2245,93.7357
96.5306,11.2245,97.1810
100.0000,11.2245,100.6280
-70.0000,14.2857,71.4429
-66.5306,14.2857,68.0471
-63.0612,14.2857,64.6591
-59.5918,14.2857,61.2802
-56.1224,14.2857,57.9121
-52.6531,14.2857,54.5566
-49.1837,14.2857,51.2164
-45.7143,14.2857,47.8944
-42.2449,14.2857,44.5950
-38.7755,14.2857,41.3234
-35.3061,14.2857,38.0868
-31.8367,14.2857,34.8950
-28.3673,14.2857,31.7614
-24.8980,14.2857,28.7052
-21.4286,14.2857,25.7539
-17.9592,14.2857,22.9481
-14.4898,14.2857,20.3479
-11.0204,14.2857,18.0425
-7.5510,14.2857,16.1586
-4.0816,14.2857,14.8574
-0.6122,14.2857,14.2988
2.8571,14.2857,14.5686
6.3265,14.2857,15.6239
9.7959,14.2857,17.3217
13.2653,14.2857,19.4949
16.7347,14.2857,22.0030
20.2041,14.2857,24.7444
23.6735,14.2857,27.6499
27.1429,14.2857,30.6727
30.6122,14.2857,33.7815
34.0816,14.2857,36.9546
37.5510,14.2857,40.1766
41.0204,14.2857,43.4368
44.4898,14.2857,46.7271
47.9592,14.2857,50.0416
51.4286,14.2857,53.3758
54.8980,14.2857,56.7263
58.3673,14.2857,60.0902
61.8367,14.2857,63.4655
65.3061,14.2857,66.8504
68.7755,14.2857,70.2435
72.2449,14.2857,73.6438
75.7143,14.2857,77.0502
79.1837,14.2857,80.4620
82.6531,14.2857,83.8785
86.1224,14.2857,87.2992
89.5918,14.2857,90.7236
93.0612,14.2857,94.1513
96.5306,14.2857,97.5820
100.0000,14.2857,101.0153
-70.0000,17.3469,72.1174
-66.5306,17.3469,68.7549
-63.0612,17.3469,65.4036
-59.5918,17.3469,62.0653
-56.1224,17.3469,58.7422
-52.6531,17.3469,55.4370
-49.1837,17.3469,52.1531
-45.7143,17.3469,48.8949
-42.2449,17.3469,45.6678
-38.7755,17.3469,42.4789
-35.3061,17.3469,39.3375
-31.8367,17.3469,36.2560
-28.3673,17.3469,33.2509
-24.8980,17.3469,30.3451
-21.4286,17.3469,27.5699
-17.9592,17.3469,24.9690
-14.4898,17.3469,22.6024
-11.0204,17.3469,20.5515
-7.5510,17.3469,18.9191
-4.0816,17.3469,17.8207
-0.6122,17.3469,17.3577
2.8571,17.3469,17.5807
6.3265,17.3469,18.4646
9.7959,17.3469,19.9218
13.2653,17.3469,21.8377
16.7347,17.3469,24.1032
20.2041,17.3469,26.6293
23.6735,17.3469,29.3488
27.1429,17.3469,32.2126
30.6122,17.3469,35.1856
34.0816,17.3469,38.2423
37.5510,17.3469,41.3642
41.0204,17.3469,44.5375
44.4898,17.3469,47.7520
47.9592,17.3469,51.0000
51.4286,17.3469,54.2754
54.8980,17.3469,57.5735
58.3673,17.3469,60.8906
61.8367,17.3469,64.2238
65.3061,17.3469,67.5707
68.7755,17.3469,70.9295
72.2449,17.3469,74.2983
75.7143,17.3469,77.6761
79.1837,17.3469,81.0615
82.6531,17.3469,84.4538
86.1224,17.3469,87.8521
89.5918,17.3469,91.2558
93.0612,17.3469,94.6642
96.5306,17.3469,98.0769
100.0000,17.3469,101.4934
-70.0000,20.4082,72.9143
-66.5306,20.4082,69.5903
-63.0612,20.4082,66.2813
-59.5918,20.4082,62.9895
-56.1224,20.4082,59.7179
-52.6531,20.4082,56.4698
-49.1837,20.4082,53.2497
-45.7143,20.4082,50.0629
-42.2449,20.4082,46.9161
-38.7755,20.4082,43.8182
-35.3061,20.4082,40.7801
-31.8367,20.4082,37.8163
-28.3673,20.4082,34.9457
-24.8980,20.4082,32.1932
-21.4286,20.4082,29.5918
-17.9592,20.4082,27.1850
-14.4898,20.4082,25.0289
-11.0204,20.4082,23.1936
-7.5510,20.4082,21.7603
-4.0816,20.4082,20.8123
-0.6122,20.4082,20.4173
2.8571,20.4082,20.6072
6.3265,20.4082,21.3663
9.7959,20.4082,22.6374
13.2653,20.4082,24.3405
16.7347,20.4082,26.3921
20.2041,20.4082,28.7176
23.6735,20.4082,31.2558
27.1429,20.4082,33.9592
30.6122,20.4082,36.7913
34.0816,20.4082,39.7247
37.5510,20.4082,42.7384
41.0204,20.4082,45.8167
44.4898,20.4082,48.9473
47.9592,20.4082,52.1208
51.4286,20.4082,55.3298
54.8980,20.4082,58.5686
58.3673,20.4082,61.8324
61.8367,20.4082,65.1174
65.3061,20.4082,68.4206
68.7755,20.4082,71.7396
72.2449,20.4082,75.0721
75.7143,20.4082,78.4165
79.1837,20.4082,81.7713
82.6531,20.4082,85.1353
86.1224,20.4082,88.5075
89.5918,20.4082,91.8868
93.0612,20.4082,95.2727
96.5306,20.4082,98.6643
100.0000,20.4082,102.0612
-70.0000,23.4694,73.8296
-66.5306,23.4694,70.5488
-63.0612,23.4694,67.2869
-59.5918,23.4694,64.0469
-56.1224,23.4694,60.8321
-52.6531,23.4694,57.6468
-49.1837,23.4694,54.4963
-45.7143,23.4694,51.3868
-42.2449,23.4694,48.3264
-38.7755,23.4694,45.3250
-35.3061,23.4694,42.3950
-31.8367,23.4694,39.5524
-28.3673,23.4694,36.8174
-24.8980,23.4694,34.2158
-21.4286,23.4694,31.7804
-17.9592,23.4694,29.5524
-14.4898,23.4694,27.5820
-11.0204,23.4694,25.9280
-7.5510,23.4694,24.6542
-4.0816,23.4694,23.8217
-0.6122,23.4694,23.4774
2.8571,23.4694,23.6427
6.3265,23.4694,24.3071
9.7959,23.4694,25.4317
13.2653,23.4694,26.9589
16.7347,23.4694,28.8247
20.2041,23.4694,30.9680
23.6735,23.4694,33.3353
27.1429,23.4694,35.8824
30.6122,23.4694,38.5736
34.0816,23.4694,41.3808
37.5510,23.4694,44.2820
41.0204,23.4694,47.2598
44.4898,23.4694,50.3006
47.9592,23.4694,53.3938
51.4286,23.4694,56.5306
54.8980,23.4694,59.7043
58.3673,23.4694,62.9091
61.8367,23.4694,66.1407
65.3061,23.4694,69.3953
68.7755,23.4694,72.6697
72.2449,23.4694,75.9614
75.7143,23.4694,79.2683
79.1837,23.4694,82.5885
82.6531,23.4694,85.9205
86.1224,23.4694,89.2630
89.5918,23.4694,92.6148
93.0612,23.4694,95.9750
96.5306,23.4694,99.3427
100.0000,23.4694,102.7171
-70.0000,26.5306,74.8590
-66.5306,26.5306,71.6254
-63.0612,26.5306,68.4148
-59.5918,26.5306,65.2308
-56.1224,26.5306,62.0774
-52.6531,26.5306,58.9595
-49.1837,26.5306,55.8830
-45.7143,26.5306,52.8552
-42.2449,26.5306,49.8849
-38.7755,26.5306,46.9831
-35.3061,26.5306,44.1633
-31.8367,26.5306,41.4421
-28.3673,26.5306,38.8404
-24.8980,26.5306,36.3838
-21.4286,26.5306,34.1036
-17.9592,26.5306,32.0376
-14.4898,26.5306,30.2296
-11.0204,26.5306,28.7284
-7.5510,26.5306,27.5843
-4.0816,26.5306,26.8427
-0.6122,26.5306,26.5377
2.8571,26.5306,26.6840
6.3265,26.5306,27.2745
9.7959,26.5306,28.2813
13.2653,26.5306,29.6621
16.7347,26.5306,31.3676
20.2041,26.5306,33.3478
23.6735,26.5306,35.5571
27.1429,26.5306,37.9553
30.6122,26.5306,40.5090
34.0816,26.5306,43.1906
37.5510,26.5306,45.9777
41.0204,26.5306,48.8523
44.4898,26.5306,51.7998
47.9592,26.5306,54.8084
51.4286,26.5306,57.8686
54.8980,26.5306,60.9726
58.3673,26.5306,64.1141
61.8367,26.5306,67.2879
65.3061,26.5306,70.4895
68.7755,26.5306,73.7153
72.2449,26.5306,76.9623
75.7143,26.5306,80.2280
79.1837,26.5306,83.5100
82.6531,26.5306,86.8067
86.1224,26.5306,90.1163
89.5918,26.5306,93.4375
93.0612,26.5306,96.7691
96.5306,26.5306,100.1101
100.0000,26.5306,103.4595
-70.0000,29.5918,75.9979
-66.5306,29.5918,72.8148
-63.0612,29.5918,69.6591
-59.5918,29.5918,66.5347
-56.1224,29.5918,63.4461
-52.6531,29.5918,60.3989
-49.1837,29.5918,57.3996
-45.7143,29.5918,54.4562
-42.2449,29.5918,51.5782
-38.7755,29.5918,48.7772
-35.3061,29.5918,46.0673
-31.8367,29.5918,43.4656
-28.3673,29.5918,40.9925
-24.8980,29.5918,38.6728
-21.4286,29.5918,36.5357
-17.9592,29.5918,34.6152
-14.4898,29.5918,32.9489
-11.0204,29.5918,31.5773
-7.5510,29.5918,30.5401
-4.0816,29.5918,29.8720
-0.6122,29.5918,29.5982
2.8571,29.5918,29.7294
6.3265,29.5918,30.2606
9.7959,29.5918,31.1711
13.2653,29.5918,32.4291
16.7347,29.5918,33.9960
20.2041,29.5918,35.8313
23.6735,29.5918,37.8960
27.1429,29.5918,40.1548
30.6122,29.5918,42.5768
34.0816,29.5918,45.1357
37.5510,29.5918,47.8096
41.0204,29.5918,50.5801
44.4898,29.5918,53.4324
47.9592,29.5918,56.3539
51.4286,29.5918,59.3344
54.8980,29.5918,62.3656
58.3673,29.5918,65.4402
61.8367,29.5918,68.5526
65.3061,29.5918,71.6977
68.7755,29.5918,74.8715
72.2449,29.5918,78.0705
75.7143,29.5918,81.2916
79.1837,29.5918,84.5324
82.6531,29.5918,87.7907
86.1224,29.5918,91.0646
89.5918,29.5918,94.3524
93.0612,29.5918,97.6528
96.5306,29.5918,100.9645
100.0000,29.5918,104.2865
-70.0000,32.6531,77.2413
-66.5306,32.6531,74.1117
-63.0612,32.6531,71.0137
-59.5918,32.6531,67.9515
-56.1224,32.6531,64.9304
-52.6531,32.6531,61.9562
-49.1837,32.6531,59.0361
-45.7143,32.6531,56.1785
-42.2449,32.6531,53.3934
-38.7755,32.6531,50.6928
-35.3061,32.6531,48.0910
-31.8367,32.6531,45.6048
-28.3673,32.6531,43.2542
-24.8980,32.6531,41.0625
-21.4286,32.6531,39.0564
-17.9592,32.6531,37.2660
-14.4898,32.6531,35.7236
-11.0204,32.6531,34.4626
-7.5510,32.6531,33.5148
-4.0816,32.6531,32.9072
-0.6122,32.6531,32.6588
2.8571,32.6531,32.7778
6.3265,32.6531,33.2603
9.7959,32.6531,34.0908
13.2653,32.6531,35.2447
16.7347,32.6531,36.6916
20.2041,32.6531,38.3983
23.6735,32.6531,40.3318
27.1429,32.6531,42.4612
30.6122,32.6531,44.7586
34.0816,32.6531,47.1994
37.5510,32.6531,49.7625
41.0204,32.6531,52.4299
44.4898,32.6531,55.1866
47.9592,32.6531,58.0199
51.4286,32.6531,60.9190
54.8980,32.6531,63.8749
58.3673,32.6531,66.8803
61.8367,32.6531,69.9286
65.3061,32.6531,73.0145
68.7755,32.6531,76.1334
72.2449,32.6531,79.2814
75.7143,32.6531,82.4553
79.1837,32.6531,85.6521
82.6531,32.6531,88.8693
86.1224,32.6531,92.1048
89.5918,32.6531,95.3568
93.0612,32.6531,98.6236
96.5306,32.6531,101.9038
100.0000,32.6531,105.1961
-70.0000,35.7143,78.5844
-66.5306,35.7143,75.5105
-63.0612,35.7143,72.4723
-59.5918,35.7143,69.4744
-56.1224,35.7143,66.5225
-52.6531,35.7143,63.6228
-49.1837,35.7143,60.7828
-45.7143,35.7143,58.0113
-42.2449,35.7143,55.3185
-38.7755,35.7143,52.7167
-35.3061,35.7143,50.2198
-31.8367,35.7143,47.8444
-28.3673,35.7143,45.6094
-24.8980,35.7143,43.5364
-21.4286,35.7143,41.6497
-17.9592,35.7143,39.9755
-14.4898,35.7143,38.5417
-11.0204,35.7143,37.3759
-7.5510,35.7143,36.5038
-4.0816,35.7143,35.9468
-0.6122,35.7143,35.7195
2.8571,35.7143,35.8284
6.3265,35.7143,36.2703
9.7959,35.7143,37.0334
13.2653,35.7143,38.0983
16.7347,35.7143,39.4406
20.2041,35.7143,41.0331
23.6735,35.7143,42.8479
27.1429,35.7143,44.8581
30.6122,35.7143,47.0385
34.0816,35.7143,49.3667
37.5510,35.7143,51.8227
41.0204,35.7143,54.3892
44.4898,35.7143,57.0513
47.9592,35.7143,59.7963
51.4286,35.7143,62.6132
54.8980,35.7143,65.4927
58.3673,35.7143,68.4270
61.8367,35.7143,71.4093
65.3061,35.7143,74.4339
68.7755,35.7143,77.4957
72.2449,35.7143,80.5905
75.7143,35.7143,83.7148
79.1837,35.7143,86.8652
82.6531,35.7143,90.0391
86.1224,35.7143,93.2340
89.5918,35.7143,96.4480
93.0612,35.7143,99.6790
96.5306,35.7143,102.9256
100.0000,35.7143,106.1862
-70.0000,38.7755,80.0221
-66.5306,38.7755,77.0056
-63.0612,38.7755,74.0288
-59.5918,38.7755,71.0966
-56.1224,38.7755,68.2149
-52.6531,38.7755,65.3903
-49.1837,38.7755,62.6305
-45.7143,38.7755,59.9444
-42.2449,38.7755,57.3426
-38.7755,38.7755,54.8369
-35.3061,38.7755,52.4410
-31.8367,38.7755,50.1709
-28.3673,38.7755,48.0442
-24.8980,38.7755,46.0809
-21.4286,38.7755,44.3026
-17.9592,38.7755,42.7326
-14.4898,38.7755,41.3944
-11.0204,38.7755,40.3112
-7.5510,38.7755,39.5039
-4.0816,38.7755,38.9897
-0.6122,38.7755,38.7803
2.8571,38.7755,38.8806
6.3265,38.7755,39.2882
9.7959,38.7755,39.9938
13.2653,38.7755,40.9818
16.7347,38.7755,42.2326
20.2041,38.7755,43.7235
23.6735,38.7755,45.4310
27.1429,38.7755,47.3315
30.6122,38.7755,49.4029
34.0816,38.7755,51.6246
37.5510,38.7755,53.9780
41.0204,38.7755,56.4466
44.4898,38.7755,59.0159
47.9592,38.7755,61.6735
51.4286,38.7755,64.4084
54.8980,38.7755,67.2111
58.3673,38.7755,70.0734
61.8367,38.7755,72.9885
65.3061,38.7755,75.9502
68.7755,38.7755,78.9532
72.2449,38.7755,81.9931
75.7143,38.7755,85.0658
79.1837,38.7755,88.1680
82.6531,38.7755,91.2966
86.1224,38.7755,94.4490
89.5918,38.7755,97.6229
93.0612,38.7755,100.8163
96.5306,38.7755,104.0274
100.0000,38.7755,107.2546
-70.0000,41.8367,81.5494
-66.5306,41.8367,78.5916
-63.0612,41.8367,75.6771
-59.5918,41.8367,72.8114
-56.1224,41.8367,70.0003
-52.6531,41.8367,67.2507
-49.1837,41.8367,64.5705
-45.7143,41.8367,61.9686
-42.2449,41.8367,59.4554
-38.7755,41.8367,57.0426
-35.3061,41.8367,54.7434
-31.8367,41.8367,52.5727
-28.3673,41.8367,50.5472
-24.8980,41.8367,48.6849
-21.4286,41.8367,47.0053
-17.9592,41.8367,45.5285
-14.4898,41.8367,44.2749
-11.0204,41.8367,43.2639
-7.5510,41.8367,42.5127
-4.0816,41.8367,42.0354
-0.6122,41.8367,41.8412
2.8571,41.8367,41.9342
6.3265,41.8367,42.3124
9.7959,41.8367,42.9683
13.2653,41.8367,43.8894
16.7347,41.8367,45.0595
20.2041,41.8367,46.4598
23.6735,41.8367,48.0702
27.1429,41.8367,49.8703
30.6122,41.8367,51.8404
34.0816,41.8367,53.9617
37.5510,41.8367,56.2174
41.0204,41.8367,58.5917
44.4898,41.8367,61.0709
47.9592,41.8367,63.6427
51.4286,41.8367,66.2964
54.8980,41.8367,69.0224
58.3673,41.8367,71.8127
61.8367,41.8367,74.6599
65.3061,41.8367,77.5577
68.7755,41.8367,80.5008
72.2449,41.8367,83.4844
75.7143,41.8367,86.5041
79.1837,41.8367,89.5565
82.6531,41.8367,92.6382
86.1224,41.8367,95.7465
89.5918,41.8367,98.8788
93.0612,41.8367,102.0329
96.5306,41.8367,105.2068
100.0000,41.8367,108.3989
-70.0000,44.8980,83.1614
-66.5306,44.8980,80.2630
-63.0612,44.8980,77.4115
-59.5918,44.8980,74.6124
-56.1224,44.8980,71.8718
-52.6531,44.8980,69.1966
-49.1837,44.8980,66.5947
-45.7143,44.8980,64.0751
-42.2449,44.8980,61.6479
-38.7755,44.8980,59.3243
-35.3061,44.8980,57.1170
-31.8367,44.8980,55.0400
-28.3673,44.8980,53.1087
-24.8980,44.8980,51.3394
-21.4286,44.8980,49.7495
-17.9592,44.8980,48.3566
-14.4898,44.8980,47.1782
-11.0204,44.8980,46.2307
-7.5510,44.8980,45.5285
-4.0816,44.8980,45.0831
-0.6122,44.8980,44.9021
2.8571,44.8980,44.9888
6.3265,44.8980,45.3415
9.7959,44.8980,45.9542
13.2653,44.8980,46.8166
16.7347,44.8980,47.9153
20.2041,44.8980,49.2345
23.6735,44.8980,50.7569
27.1429,44.8980,52.4649
30.6122,44.8980,54.3409
34.0816,44.8980,56.3683
37.5510,44.8980,58.5312
41.0204,44.8980,60.8153
44.4898,44.8980,63.2073
47.9592,44.8980,65.6956
51.4286,44.8980,68.2695
54.8980,44.8980,70.9198
58.3673,44.8980,73.6381
61.8367,44.8980,76.4173
65.3061,44.8980,79.2510
68.7755,44.8980,82.1334
72.2449,44.8980,85.0597
75.7143,44.8980,88.0254
79.1837,44.8980,91.0268
82.6531,44.8980,94.0604
86.1224,44.8980,97.1231
89.5918,44.8980,100.2124
93.0612,44.8980,103.3258
96.5306,44.8980,106.4612
100.0000,44.8980,109.6167
-70.0000,47.9592,84.8533
-66.5306,47.9592,82.0147
-63.0612,47.9592,79.2263
-59.5918,47.9592,76.4936
-56.1224,47.9592,73.8228
-52.6531,47.9592,71.2210
-49.1837,47.9592,68.6958
-45.7143,47.9592,66.2562
-42.2449,47.9592,63.9118
-38.7755,47.9592,61.6735
-35.3061,47.9592,59.5534
-31.8367,47.9592,57.5644
-28.3673,47.9592,55.7206
-24.8980,47.9592,54.0369
-21.4286,47.9592,52.5287
-17.9592,47.9592,51.2115
-14.4898,47.9592,50.1003
-11.0204,47.9592,49.2091
-7.5510,47.9592,48.5500
-4.0816,47.9592,48.1326
-0.6122,47.9592,47.9631
2.8571,47.9592,48.0442
6.3265,47.9592,48.3747
9.7959,47.9592,48.9494
13.2653,47.9592,49.7599
16.7347,47.9592,50.7950
20.2041,47.9592,52.0412
23.6735,47.9592,53.4838
27.1429,47.9592,55.1073
30.6122,47.9592,56.8963
34.0816,47.9592,58.8357
37.5510,47.9592,60.9111
41.0204,47.9592,63.1091
44.4898,47.9592,65.4173
47.9592,47.9592,67.8245
51.4286,47.9592,70.3206
54.8980,47.9592,72.8963
58.3673,47.9592,75.5436
61.8367,47.9592,78.2551
65.3061,47.9592,81.0245
68.7755,47.9592,83.8460
72.2449,47.9592,86.7145
75.7143,47.9592,89.6255
79.1837,47.9592,92.5750
82.6531,47.9592,95.5595
86.1224,47.9592,98.5757
89.5918,47.9592,101.6208
93.0612,47.9592,104.6923
96.5306,47.9592,107.7880
100.0000,47.9592,110.9057
-70.0000,51.0204,86.6203
-66.5306,51.0204,83.8415
-63.0612,51.0204,81.1160
-59.5918,51.0204,78.4491
-56.1224,51.0204,75.8473
-52.6531,51.0204,73.3173
-49.1837,51.0204,70.8669
-45.7143,51.0204,68.5046
-42.2449,51.0204,66.2398
-38.7755,51.0204,64.0829
-35.3061,51.0204,62.0452
-31.8367,51.0204,60.1387
-28.3673,51.0204,58.3763
-24.8980,51.0204,56.7714
-21.4286,51.0204,55.3377
-17.9592,51.0204,54.0889
-14.4898,51.0204,53.0381
-11.0204,51.0204,52.1970
-7.5510,51.0204,51.5762
-4.0816,51.0204,51.1834
-0.6122,51.0204,51.0241
2.8571,51.0204,51.1003
6.3265,51.0204,51.4112
9.7959,51.0204,51.9523
13.2653,51.0204,52.7167
16.7347,51.0204,53.6948
20.2041,51.0204,54.8752
23.6735,51.0204,56.2451
27.1429,51.0204,57.7911
30.6122,51.0204,59.4995
34.0816,51.0204,61.3567
37.5510,51.0204,63.3495
41.0204,51.0204,65.4657
44.4898,51.0204,67.6936
47.9592,51.0204,70.0226
51.4286,51.0204,72.4429
54.8980,51.0204,74.9458
58.3673,51.0204,77.5231
61.8367,51.0204,80.1677
65.3061,51.0204,82.8732
68.7755,51.0204,85.6338
72.2449,51.0204,88.4444
75.7143,51.0204,91.3002
79.1837,51.0204,94.1973
82.6531,51.0204,97.1319
86.1224,51.0204,100.1007
89.5918,51.0204,103.1008
93.0612,51.0204,106.1295
96.5306,51.0204,109.1844
100.0000,51.0204,112.2634
-70.0000,54.0816,88.4580
-66.5306,54.0816,85.7388
-63.0612,54.0816,83.0755
-59.5918,54.0816,80.4737
-56.1224,54.0816,77.9394
-52.6531,54.0816,75.4796
-49.1837,54.0816,73.1017
-45.7143,54.0816,70.8140
-42.2449,54.0816,68.6255
-38.7755,54.0816,66.5459
-35.3061,54.0816,64.5860
-31.8367,54.0816,62.7567
-28.3673,54.0816,61.0699
-24.8980,54.0816,59.5376
-21.4286,54.0816,58.1722
-17.9592,54.0816,56.9856
-14.4898,54.0816,55.9891
-11.0204,54.0816,55.1930
-7.5510,54.0816,54.6062
-4.0816,54.0816,54.2354
-0.6122,54.0816,54.0851
2.8571,54.0816,54.1571
6.3265,54.0816,54.4504
9.7959,54.0816,54.9617
13.2653,54.0816,55.6847
16.7347,54.0816,56.6116
20.2041,54.0816,57.7324
23.6735,54.0816,59.0361
27.1429,54.0816,60.5108
30.6122,54.0816,62.1444
34.0816,54.0816,63.9248
37.5510,54.0816,65.8400
41.0204,54.0816,67.8785
44.4898,54.0816,70.0297
47.9592,54.0816,72.2835
51.4286,54.0816,74.6306
54.8980,54.0816,77.0624
58.3673,54.0816,79.5712
61.8367,54.0816,82.1499
65.3061,54.0816,84.7922
68.7755,54.0816,87.4922
72.2449,54.0816,90.2449
75.7143,54.0816,93.0456
79.1837,54.0816,95.8899
82.6531,54.0816,98.7742
86.1224,54.0816,101.6951
89.5918,54.0816,104.6495
93.0612,54.0816,107.6346
96.5306,54.0816,110.6480
100.0000,54.0816,113.6874
-70.0000,57.1429,90.3621
-66.5306,57.1429,87.7019
-63.0612,57.1429,85.1001
-59.5918,57.1429,82.5621
-56.1224,57.1429,80.0939
-52.6531,57.1429,77.7023
-49.1837,57.1429,75.3946
-45.7143,57.1429,73.1786
-42.2449,57.1429,71.0629
-38.7755,57.1429,69.0568
-35.3061,57.1429,67.1701
-31.8367,57.1429,65.4132
-28.3673,57.1429,63.7966
-24.8980,57.1429,62.3315
-21.4286,57.1429,61.0286
-17.9592,57.1429,59.8986
-14.4898,57.1429,58.9513
-11.0204,57.1429,58.1958
-7.5510,57.1429,57.6396
-4.0816,57.1429,57.2884
-0.6122,57.1429,57.1461
2.8571,57.1429,57.2142
6.3265,57.1429,57.4920
9.7959,57.1429,57.9764
13.2653,57.1429,58.6624
16.7347,57.1429,59.5429
20.2041,57.1429,60.6095
23.6735,57.1429,61.8526
27.1429,57.1429,63.2617
30.6122,57.1429,64.8260
34.0816,57.1429,66.5347
37.5510,57.1429,68.3768
41.0204,57.1429,70.3419
44.4898,57.1429,72.4199
47.9592,57.1429,74.6015
51.4286,57.1429,76.8779
54.8980,57.1429,79.2407
58.3673,57.1429,81.6826
61.8367,57.1429,84.1967
65.3061,57.1429,86.7767
68.7755,57.1429,89.4169
72.2449,57.1429,92.1121
75.7143,57.1429,94.8576
79.1837,57.1429,97.6492
82.6531,57.1429,100.4830
86.1224,57.1429,103.3556
89.5918,57.1429,106.2638
93.0612,57.1429,109.2048
96.5306,57.1429,112.1760
100.0000,57.1429,115.1751
-70.0000,60.2041,92.3284
-66.5306,60.2041,89.7266
-63.0612,60.2041,87.1851
-59.5918,60.2041,84.7096
-56.1224,60.2041,82.3059
-52.6531,60.2041,79.9805
-49.1837,60.2041,77.7404
-45.7143,60.2041,75.5932
-42.2449,60.2041,73.5470
-38.7755,60.2041,71.6106
-35.3061,60.2041,69.7929
-31.8367,60.2041,68.1037
-28.3673,60.2041,66.5525
-24.8980,60.2041,65.1494
-21.4286,60.2041,63.9040
-17.9592,60.2041,62.8257
-14.4898,60.2041,61.9232
-11.0204,60.2041,61.2044
-7.5510,60.2041,60.6758
-4.0816,60.2041,60.3423
-0.6122,60.2041,60.2072
2.8571,60.2041,60.2718
6.3265,60.2041,60.5356
9.7959,60.2041,60.9958
13.2653,60.2041,61.6482
16.7347,60.2041,62.4866
20.2041,60.2041,63.5038
23.6735,60.2041,64.6913
27.1429,60.2041,66.0399
30.6122,60.2041,67.5399
34.0816,60.2041,69.1816
37.5510,60.2041,70.9550
41.0204,60.2041,72.8506
44.4898,60.2041,74.8590
47.9592,60.2041,76.9715
51.4286,60.2041,79.1797
54.8980,60.2041,81.4759
58.3673,60.2041,83.8527
61.8367,60.2041,86.3036
65.3061,60.2041,88.8224
68.7755,60.2041,91.4035
72.2449,60.2041,94.0418
75.7143,60.2041,96.7325
79.1837,60.2041,99.4715
82.6531,60.2041,102.2549
86.1224,60.2041,105.0791
89.5918,60.2041,107.9409
93.0612,60.2041,110.8374
96.5306,60.2041,113.7659
100.0000,60.2041,116.7242
-70.0000,63.2653,94.3531
-66.5306,63.2653,91.8086
-63.0612,63.2653,89.3265
-59.5918,63.2653,86.9119
-56.1224,63.2653,84.5708
-52.6531,63.2653,82.3094
-49.1837,63.2653,80.1345
-45.7143,63.2653,78.0532
-42.2449,63.2653,76.0732
-38.7755,63.2653,74.2027
-35.3061,63.2653,72.4501
-31.8367,63.2653,70.8243
-28.3673,63.2653,69.3340
-24.8980,63.2653,67.9883
-21.4286,63.2653,66.7958
-17.9592,63.2653,65.7650
-14.4898,63.2653,64.9034
-11.0204,63.2653,64.2180
-7.5510,63.2653,63.7143
-4.0816,63.2653,63.3968
-0.6122,63.2653,63.2683
2.8571,63.2653,63.3298
6.3265,63.2653,63.5808
9.7959,63.2653,64.0192
13.2653,63.2653,64.6411
16.7347,63.2653,65.4412
20.2041,63.2653,66.4131
23.6735,63.2653,67.5495
27.1429,63.2653,68.8421
30.6122,63.2653,70.2823
34.0816,63.2653,71.8614
37.5510,63.2653,73.5702
41.0204,63.2653,75.4001
44.4898,63.2653,77.3424
47.9592,63.2653,79.3888
51.4286,63.2653,81.5316
54.8980,63.2653,83.7633
58.3673,63.2653,86.0770
61.8367,63.2653,88.4663
65.3061,63.2653,90.9252
68.7755,63.2653,93.4482
72.2449,63.2653,96.0303
75.7143,63.2653,98.6669
79.1837,63.2653,101.3536
82.6531,63.2653,104.0866
86.1224,63.2653,106.8624
89.5918,63.2653,109.6777
93.0612,63.2653,112.5295
96.5306,63.2653,115.4152
100.0000,63.2653,118.3322
-70.0000,66.3265,96.4324
-66.5306,66.3265,93.9443
-63.0612,66.3265,91.5201
-59.5918,66.3265,89.1650
-56.1224,66.3265,86.8846
-52.6531,66.3265,84.6850
-49.1837,66.3265,82.5726
-45.7143,66.3265,80.5544
-42.2449,66.3265,78.6374
-38.7755,66.3265,76.8293
-35.3061,66.3265,75.1381
-31.8367,66.3265,73.5716
-28.3673,66.3265,72.1382
-24.8980,66.3265,70.8457
-21.4286,66.3265,69.7022
-17.9592,66.3265,68.7149
-14.4898,66.3265,67.8908
-11.0204,66.3265,67.2358
-7.5510,66.3265,66.7550
-4.0816,66.3265,66.4520
-0.6122,66.3265,66.3294
2.8571,66.3265,66.3880
6.3265,66.3265,66.6276
9.7959,66.3265,67.0460
13.2653,66.3265,67.6401
16.7347,66.3265,68.4051
20.2041,66.3265,69.3355
23.6735,66.3265,70.4247
27.1429,66.3265,71.6655
30.6122,66.3265,73.0501
34.0816,66.3265,74.5705
37.5510,66.3265,76.2187
41.0204,66.3265,77.9864
44.4898,66.3265,79.8658
47.9592,66.3265,81.8492
51.4286,66.3265,83.9292
54.8980,66.3265,86.0987
58.3673,66.3265,88.3513
61.8367,66.3265,90.6807
65.3061,66.3265,93.0811
68.7755,66.3265,95.5473
72.2449,66.3265,98.0741
75.7143,66.3265,100.6571
79.1837,66.3265,103.2921
82.6531,66.3265,105.9752
86.1224,66.3265,108.7027
89.5918,66.3265,111.4715
93.0612,66.3265,114.2786
96.5306,66.3265,117.1212
100.0000,66.3265,119.9967
-70.0000,69.3878,98.5630
-66.5306,69.3878,96.1300
-63.0612,69.3878,93.7624
-59.5918,69.3878,91.4650
-56.1224,69.3878,89.2434
-52.6531,69.3878,87.1034
-49.1837,69.3878,85.0511
-45.7143,69.3878,83.0931
-42.2449,69.3878,81.2360
-38.7755,69.3878,79.4871
-35.3061,69.3878,77.8536
-31.8367,69.3878,76.3429
-28.3673,69.3878,74.9624
-24.8980,69.3878,73.7195
-21.4286,69.3878,72.6212
-17.9592,69.3878,71.6742
-14.4898,69.3878,70.8845
-11.0204,69.3878,70.2575
-7.5510,69.3878,69.7974
-4.0816,69.3878,69.5077
-0.6122,69.3878,69.3905
2.8571,69.3878,69.4466
6.3265,69.3878,69.6756
9.7959,69.3878,70.0758
13.2653,69.3878,70.6444
16.7347,69.3878,71.3772
20.2041,69.3878,72.2694
23.6735,69.3878,73.3150
27.1429,69.3878,74.5077
30.6122,69.3878,75.8404
34.0816,69.3878,77.3060
37.5510,69.3878,78.8970
41.0204,69.3878,80.6060
44.4898,69.3878,82.4257
47.9592,69.3878,84.3489
51.4286,69.3878,86.3687
54.8980,69.3878,88.4785
58.3673,69.3878,90.6720
61.8367,69.3878,92.9432
65.3061,69.3878,95.2867
68.7755,69.3878,97.6971
72.2449,69.3878,100.1698
75.7143,69.3878,102.7001
79.1837,69.3878,105.2840
82.6531,69.3878,107.9175
86.1224,69.3878,110.5972
89.5918,69.3878,113.3197
93.0612,69.3878,116.0821
96.5306,69.3878,118.8815
100.0000,69.3878,121.7155
-70.0000,72.4490,100.7415
-66.5306,72.4490,98.3625
-63.0612,72.4490,96.0498
-59.5918,72.4490,93.8085
-56.1224,72.4490,91.6438
-52.6531,72.4490,89.5611
-49.1837,72.4490,87.5665
-45.7143,72.4490,85.6659
-42.2449,72.4490,83.8659
-38.7755,72.4490,82.1730
-35.3061,72.4490,80.5939
-31.8367,72.4490,79.1355
-28.3673,72.4490,77.8046
-24.8980,72.4490,76.6079
-21.4286,72.4490,75.5516
-17.9592,72.4490,74.6417
-14.4898,72.4490,73.8838
-11.0204,72.4490,73.2824
-7.5510,72.4490,72.8414
-4.0816,72.4490,72.5639
-0.6122,72.4490,72.4516
2.8571,72.4490,72.5053
6.3265,72.4490,72.7247
9.7959,72.4490,73.1082
13.2653,72.4490,73.6534
16.7347,72.4490,74.3566
20.2041,72.4490,75.2134
23.6735,72.4490,76.2187
27.1429,72.4490,77.3666
30.6122,72.4490,78.6509
34.0816,72.4490,80.0651
37.5510,72.4490,81.6023
41.0204,72.4490,83.2558
44.4898,72.4490,85.0188
47.9592,72.4490,86.8846
51.4286,72.4490,88.8468
54.8980,72.4490,90.8991
58.3673,72.4490,93.0355
61.8367,72.4490,95.2504
65.3061,72.4490,97.5384
68.7755,72.4490,99.8946
72.2449,72.4490,102.3141
75.7143,72.4490,104.7927
79.1837,72.4490,107.3262
82.6531,72.4490,109.9108
86.1224,72.4490,112.5430
89.5918,72.4490,115.2196
93.0612,72.4490,117.9375
96.5306,72.4490,120.6939
100.0000,72.4490,123.4863
-70.0000,75.5102,102.9650
-66.5306,75.5102,100.6385
-63.0612,75.5102,98.3794
-59.5918,75.5102,96.1924
-56.1224,75.5102,94.0825
-52.6531,75.5102,92.0551
-49.1837,75.5102,90.1156
-45.7143,75.5102,88.2700
-42.2449,75.5102,86.5241
-38.7755,75.5102,84.8842
-35.3061,75.5102,83.3565
-31.8367,75.5102,81.9474
-28.3673,75.5102,80.6629
-24.8980,75.5102,79.5091
-21.4286,75.5102,78.4919
-17.9592,75.5102,77.6165
-14.4898,75.5102,76.8879
-11.0204,75.5102,76.3102
-7.5510,75.5102,75.8868
-4.0816,75.5102,75.6204
-0.6122,75.5102,75.5127
2.8571,75.5102,75.5642
6.3265,75.5102,75.7748
9.7959,75.5102,76.1430
13.2653,75.5102,76.6665
16.7347,75.5102,77.3424
20.2041,75.5102,78.1665
23.6735,75.5102,79.1342
27.1429,75.5102,80.2404
30.6122,75.5102,81.4794
34.0816,75.5102,82.8453
37.5510,75.5102,84.3319
41.0204,75.5102,85.9329
44.4898,75.5102,87.6421
47.9592,75.5102,89.4532
51.4286,75.5102,91.3602
54.8980,75.5102,93.3573
58.3673,75.5102,95.4387
61.8367,75.5102,97.5990
65.3061,75.5102,99.8333
68.7755,75.5102,102.1365
72.2449,75.5102,104.5041
75.7143,75.5102,106.9320
79.1837,75.5102,109.4159
82.6531,75.5102,111.9523
86.1224,75.5102,114.5376
89.5918,75.5102,117.1686
93.0612,75.5102,119.8423
96.5306,75.5102,122.5559
100.0000,75.5102,125.3068
-70.0000,78.5714,105.2306
-66.5306,78.5714,102.9553
-63.0612,78.5714,100.7481
-59.5918,78.5714,98.6137
-56.1224,78.5714,96.5567
-52.6531,78.5714,94.5823
-49.1837,78.5714,92.6958
-45.7143,78.5714,90.9025
-42.2449,78.5714,89.2082
-38.7755,78.5714,87.6185
-35.3061,78.5714,86.1394
-31.8367,78.5714,84.7765
-28.3673,78.5714,83.5355
-24.8980,78.5714,82.4219
-21.4286,78.5714,81.4411
-17.9592,78.5714,80.5978
-14.4898,78.5714,79.8963
-11.0204,78.5714,79.3405
-7.5510,78.5714,78.9334
-4.0816,78.5714,78.6774
-0.6122,78.5714,78.5738
2.8571,78.5714,78.6234
6.3265,78.5714,78.8257
9.7959,78.5714,79.1797
13.2653,78.5714,79.6834
16.7347,78.5714,80.3338
20.2041,78.5714,81.1275
23.6735,78.5714,82.0604
27.1429,78.5714,83.1276
30.6122,78.5714,84.3242
34.0816,78.5714,85.6448
37.5510,78.5714,87.0836
41.0204,78.5714,88.6349
44.4898,78.5714,90.2929
47.9592,78.5714,92.0519
51.4286,78.5714,93.9062
54.8980,78.5714,95.8502
58.3673,78.5714,97.8786
61.8367,78.5714,99.9863
65.3061,78.5714,102.1683
68.7755,78.5714,104.4200
72.2449,78.5714,106.7370
75.7143,78.5714,109.1152
79.1837,78.5714,111.5505
82.6531,78.5714,114.0395
86.1224,78.5714,116.5785
89.5918,78.5714,119.1645
93.0612,78.5714,121.7943
96.5306,78.5714,124.4654
100.0000,78.5714,127.1750
-70.0000,81.6327,107.5355
-66.5306,81.6327,105.3101
-63.0612,81.6327,103.1533
-59.5918,81.6327,101.0697
-56.1224,81.6327,99.0637
-52.6531,81.6327,97.1403
-49.1837,81.6327,95.3044
-45.7143,81.6327,93.5611
-42.2449,81.6327,91.9158
-38.7755,81.6327,90.3738
-35.3061,81.6327,88.9405
-31.8367,81.6327,87.6212
-28.3673,81.6327,86.4210
-24.8980,81.6327,85.3452
-21.4286,81.6327,84.3983
-17.9592,81.6327,83.5848
-14.4898,81.6327,82.9086
-11.0204,81.6327,82.3732
-7.5510,81.6327,81.9811
-4.0816,81.6327,81.7346
-0.6122,81.6327,81.6349
2.8571,81.6327,81.6826
6.3265,81.6327,81.8774
9.7959,81.6327,82.2183
13.2653,81.6327,82.7034
16.7347,81.6327,83.3303
20.2041,81.6327,84.0957
23.6735,81.6327,84.9960
27.1429,81.6327,86.0269
30.6122,81.6327,87.1837
34.0816,81.6327,88.4616
37.5510,81.6327,89.8553
41.0204,81.6327,91.3595
44.4898,81.6327,92.9690
47.9592,81.6327,94.6783
51.4286,81.6327,96.4821
54.8980,81.6327,98.3752
58.3673,81.6327,100.3526
61.8367,81.6327,102.4093
65.3061,81.6327,104.5408
68.7755,81.6327,106.7425
72.2449,81.6327,109.0102
75.7143,81.6327,111.3398
79.1837,81.6327,113.7275
82.6531,81.6327,116.1698
86.1224,81.6327,118.6632
89.5918,81.6327,121.2047
93.0612,81.6327,123.7913
96.5306,81.6327,126.4201
100.0000,81.6327,129.0887
-70.0000,84.6939,109.8774
-66.5306,84.6939,107.7004
-63.0612,84.6939,105.5925
-59.5918,84.6939,103.5579
-56.1224,84.6939,101.6011
-52.6531,84.6939,99.7266
-49.1837,84.6939,97.9392
-45.7143,84.6939,96.2437
-42.2449,84.6939,94.6450
-38.7755,84.6939,93.1482
-35.3061,84.6939,91.7582
-31.8367,84.6939,90.4800
-28.3673,84.6939,89.3183
-24.8980,84.6939,88.2778
-21.4286,84.6939,87.3627
-17.9592,84.6939,86.5770
-14.4898,84.6939,85.9244
-11.0204,84.6939,85.4079
-7.5510,84.6939,85.0298
-4.0816,84.6939,84.7922
-0.6122,84.6939,84.6961
2.8571,84.6939,84.7421
6.3265,84.6939,84.9298
9.7959,84.6939,85.2585
13.2653,84.6939,85.7264
16.7347,84.6939,86.3314
20.2041,84.6939,87.0704
23.6735,84.6939,87.9402
27.1429,84.6939,88.9370
30.6122,84.6939,90.0564
34.0816,84.6939,91.2941
37.5510,84.6939,92.6452
41.0204,84.6939,94.1049
44.4898,84.6939,95.6681
47.9592,84.6939,97.3300
51.4286,84.6939,99.0856
54.8980,84.6939,100.9299
58.3673,84.6939,102.8582
61.8367,84.6939,104.8658
65.3061,84.6939,106.9483
68.7755,84.6939,109.1014
72.2449,84.6939,111.3211
75.7143,84.6939,113.6033
79.1837,84.6939,115.9444
82.6531,84.6939,118.3410
86.1224,84.6939,120.7896
89.5918,84.6939,123.2873
93.0612,84.6939,125.8310
96.5306,84.6939,128.4181
100.0000,84.6939,131.0460
-70.0000,87.7551,112.2540
-66.5306,87.7551,110.1239
-63.0612,87.7551,108.0633
-59.5918,87.7551,106.0761
-56.1224,87.7551,104.1666
-52.6531,87.7551,102.3392
-49.1837,87.7551,100.5982
-45.7143,87.7551,98.9482
-42.2449,87.7551,97.3940
-38.7755,87.7551,95.9401
-35.3061,87.7551,94.5911
-31.8367,87.7551,93.3517
-28.3673,87.7551,92.2262
-24.8980,87.7551,91.2188
-21.4286,87.7551,90.3335
-17.9592,87.7551,89.5739
-14.4898,87.7551,88.9433
-11.0204,87.7551,88.4444
-7.5510,87.7551,88.0794
-4.0816,87.7551,87.8500
-0.6122,87.7551,87.7572
2.8571,87.7551,87.8016
6.3265,87.7551,87.9829
9.7959,87.7551,88.3002
13.2653,87.7551,88.7520
16.7347,87.7551,89.3365
20.2041,87.7551,90.0509
23.6735,87.7551,90.8922
27.1429,87.7551,91.8569
30.6122,87.7551,92.9412
34.0816,87.7551,94.1409
37.5510,87.7551,95.4518
41.0204,87.7551,96.8691
44.4898,87.7551,98.3885
47.9592,87.7551,100.0052
51.4286,87.7551,101.7146
54.8980,87.7551,103.5120
58.3673,87.7551,105.3931
61.8367,87.7551,107.3533
65.3061,87.7551,109.3885
68.7755,87.7551,111.4945
72.2449,87.7551,113.6674
75.7143,87.7551,115.9035
79.1837,87.7551,118.1990
82.6531,87.7551,120.5508
86.1224,87.7551,122.9554
89.5918,87.7551,125.4099
93.0612,87.7551,127.9115
96.5306,87.7551,130.4573
100.0000,87.7551,133.0449
-70.0000,90.8163,114.6630
-66.5306,90.8163,112.5785
-63.0612,90.8163,110.5637
-59.5918,90.8163,108.6222
-56.1224,90.8163,106.7583
-52.6531,90.8163,104.9759
-49.1837,90.8163,103.2794
-45.7143,90.8163,101.6730
-42.2449,90.8163,100.1611
-38.7755,90.8163,98.7479
-35.3061,90.8163,97.4378
-31.8367,90.8163,96.2350
-28.3673,90.8163,95.1436
-24.8980,90.8163,94.1675
-21.4286,90.8163,93.3102
-17.9592,90.8163,92.5750
-14.4898,90.8163,91.9650
-11.0204,90.8163,91.4825
-7.5510,90.8163,91.1297
-4.0816,90.8163,90.9080
-0.6122,90.8163,90.8184
2.8571,90.8163,90.8613
6.3265,90.8163,91.0364
9.7959,90.8163,91.3431
13.2653,90.8163,91.7800
16.7347,90.8163,92.3453
20.2041,90.8163,93.0366
23.6735,90.8163,93.8511
27.1429,90.8163,94.7858
30.6122,90.8163,95.8369
34.0816,90.8163,97.0008
37.5510,90.8163,98.2735
41.0204,90.8163,99.6508
44.4898,90.8163,101.1284
47.9592,90.8163,102.7019
51.4286,90.8163,104.3672
54.8980,90.8163,106.1197
58.3673,90.8163,107.9553
61.8367,90.8163,109.8699
65.3061,90.8163,111.8593
68.7755,90.8163,113.9196
72.2449,90.8163,116.0471
75.7143,90.8163,118.2381
79.1837,90.8163,120.4892
82.6531,90.8163,122.7971
86.1224,90.8163,125.1586
89.5918,90.8163,127.5708
93.0612,90.8163,130.0308
96.5306,90.8163,132.5359
100.0000,90.8163,135.0837
-70.0000,93.8776,117.1025
-66.5306,93.8776,115.0622
-63.0612,93.8776,113.0916
-59.5918,93.8776,111.1943
-56.1224,93.8776,109.3742
-52.6531,93.8776,107.6352
-49.1837,93.8776,105.9813
-45.7143,93.8776,104.4164
-42.2449,93.8776,102.9448
-38.7755,93.8776,101.5703
-35.3061,93.8776,100.2971
-31.8367,93.8776,99.1291
-28.3673,93.8776,98.0699
-24.8980,93.8776,97.1231
-21.4286,93.8776,96.2922
-17.9592,93.8776,95.5800
-14.4898,93.8776,94.9892
-11.0204,93.8776,94.5222
-7.5510,93.8776,94.1807
-4.0816,93.8776,93.9662
-0.6122,93.8776,93.8795
2.8571,93.8776,93.9210
6.3265,93.8776,94.0905
9.7959,93.8776,94.3873
13.2653,93.8776,94.8101
16.7347,93.8776,95.3575
20.2041,93.8776,96.0271
23.6735,93.8776,96.8165
27.1429,93.8776,97.7227
30.6122,93.8776,98.7426
34.0816,93.8776,99.8727
37.5510,93.8776,101.1092
41.0204,93.8776,102.4484
44.4898,93.8776,103.8862
47.9592,93.8776,105.4186
51.4286,93.8776,107.0415
54.8980,93.8776,108.7510
58.3673,93.8776,110.5429
61.8367,93.8776,112.4134
65.3061,93.8776,114.3586
68.7755,93.8776,116.3747
72.2449,93.8776,118.4581
75.7143,93.8776,120.6053
79.1837,93.8776,122.8131
82.6531,93.8776,125.0781
86.1224,93.8776,127.3973
89.5918,93.8776,129.7678
93.0612,93.8776,132.1869
96.5306,93.8776,134.6520
100.0000,93.8776,137.1605
-70.0000,96.9388,119.5706
-66.5306,96.9388,117.5732
-63.0612,96.9388,115.6453
-59.5918,96.9388,113.7907
-56.1224,96.9388,112.0127
-52.6531,96.9388,110.3153
-49.1837,96.9388,108.7022
-45.7143,96.9388,107.1771
-42.2449,96.9388,105.7438
-38.7755,96.9388,104.4063
-35.3061,96.9388,103.1681
-31.8367,96.9388,102.0329
-28.3673,96.9388,101.0041
-24.8980,96.9388,100.0851
-21.4286,96.9388,99.2789
-17.9592,96.9388,98.5883
-14.4898,96.9388,98.0157
-11.0204,96.9388,97.5632
-7.5510,96.9388,97.2324
-4.0816,96.9388,97.0247
-0.6122,96.9388,96.9407
2.8571,96.9388,96.9809
6.3265,96.9388,97.1450
9.7959,96.9388,97.4325
13.2653,96.9388,97.8422
16.7347,96.9388,98.3726
20.2041,96.9388,99.0219
23.6735,96.9388,99.7876
27.1429,96.9388,100.6671
30.6122,96.9388,101.6574
34.0816,96.9388,102.7555
37.5510,96.9388,103.9577
41.0204,96.9388,105.2606
44.4898,96.9388,106.6605
47.9592,96.9388,108.1536
51.4286,96.9388,109.7362
54.8980,96.9388,111.4043
58.3673,96.9388,113.1542
61.8367,96.9388,114.9822
65.3061,96.9388,116.8846
68.7755,96.9388,118.8579
72.2449,96.9388,120.8985
75.7143,96.9388,123.0032
79.1837,96.9388,125.1686
82.6531,96.9388,127.3917
86.1224,96.9388,129.6696
89.5918,96.9388,131.9993
93.0612,96.9388,134.3783
96.5306,96.9388,136.8038
100.0000,96.9388,139.2736
-70.0000,100.0000,122.0656
-66.5306,100.0000,120.1096
-63.0612,100.0000,118.2232
-59.5918,100.0000,116.4096
-56.1224,100.0000,114.6723
-52.6531,100.0000,113.0148
-49.1837,100.0000,111.4407
-45.7143,100.0000,109.9536
-42.2449,100.0000,108.5570
-38.7755,100.0000,107.2546
-35.3061,100.0000,106.0496
-31.8367,100.0000,104.9456
-28.3673,100.0000,103.9457
-24.8980,100.0000,103.0529
-21.4286,100.0000,102.2702
-17.9592,100.0000,101.5999
-14.4898,100.0000,101.0443
-11.0204,100.0000,100.6054
-7.5510,100.0000,100.2847
-4.0816,100.0000,100.0833
-0.6122,100.0000,100.0019
2.8571,100.0000,100.0408
6.3265,100.0000,100.1999
9.7959,100.0000,100.4787
13.2653,100.0000,100.8760
16.7347,100.0000,101.3906
20.2041,100.0000,102.0206
23.6735,100.0000,102.7640
27.1429,100.0000,103.6182
30.6122,100.0000,104.5806
34.0816,100.0000,105.6483
37.5510,100.0000,106.8180
41.0204,100.0000,108.0864
44.4898,100.0000,109.4502
47.9592,100.0000,110.9057
51.4286,100.0000,112.4495
54.8980,100.0000,114.0780
58.3673,100.0000,115.7875
61.8367,100.0000,117.5746
65.3061,100.0000,119.4357
68.7755,100.0000,121.3675
72.2449,100.0000,123.3666
75.7143,100.0000,125.4299
79.1837,100.0000,127.5541
82.6531,100.0000,129.7364
86.1224,100.0000,131.9738
89.5918,100.0000,134.2635
93.0612,100.0000,136.6030
96.5306,100.0000,138.9898
100.0000,100.0000,141.4214
